{
 "cells": [
  {
   "cell_type": "markdown",
   "metadata": {
    "id": "7dsAxdi0XF5U"
   },
   "source": [
    "<div>\n",
    "<img src=https://www.institutedata.com/wp-content/uploads/2019/10/iod_h_tp_primary_c.svg width=\"300\">\n",
    "</div>"
   ]
  },
  {
   "cell_type": "markdown",
   "metadata": {
    "id": "UWARFzbRXF5b"
   },
   "source": [
    "## Lab 4.2.1: Feature Selection"
   ]
  },
  {
   "cell_type": "markdown",
   "metadata": {
    "id": "gpNkmk2YXF5d"
   },
   "source": [
    "### 1. Load & Explore Data"
   ]
  },
  {
   "cell_type": "code",
   "execution_count": 1,
   "metadata": {
    "id": "J0BM6vo-XF5f"
   },
   "outputs": [],
   "source": [
    "import pandas as pd\n",
    "import numpy as np\n",
    "import matplotlib.pyplot as plt\n",
    "import seaborn as sns\n",
    "\n",
    "%matplotlib inline"
   ]
  },
  {
   "cell_type": "markdown",
   "metadata": {
    "id": "FACR8kagXF5p"
   },
   "source": [
    "#### 1.1 Load Data"
   ]
  },
  {
   "cell_type": "code",
   "execution_count": 2,
   "metadata": {
    "id": "SmCNaDCfXF5q"
   },
   "outputs": [
    {
     "data": {
      "text/html": [
       "<div>\n",
       "<style scoped>\n",
       "    .dataframe tbody tr th:only-of-type {\n",
       "        vertical-align: middle;\n",
       "    }\n",
       "\n",
       "    .dataframe tbody tr th {\n",
       "        vertical-align: top;\n",
       "    }\n",
       "\n",
       "    .dataframe thead th {\n",
       "        text-align: right;\n",
       "    }\n",
       "</style>\n",
       "<table border=\"1\" class=\"dataframe\">\n",
       "  <thead>\n",
       "    <tr style=\"text-align: right;\">\n",
       "      <th></th>\n",
       "      <th>fixed acidity</th>\n",
       "      <th>volatile acidity</th>\n",
       "      <th>citric acid</th>\n",
       "      <th>residual sugar</th>\n",
       "      <th>chlorides</th>\n",
       "      <th>free sulfur dioxide</th>\n",
       "      <th>total sulfur dioxide</th>\n",
       "      <th>density</th>\n",
       "      <th>pH</th>\n",
       "      <th>sulphates</th>\n",
       "      <th>alcohol</th>\n",
       "      <th>quality</th>\n",
       "      <th>red_wine</th>\n",
       "    </tr>\n",
       "  </thead>\n",
       "  <tbody>\n",
       "    <tr>\n",
       "      <th>0</th>\n",
       "      <td>7.4</td>\n",
       "      <td>0.70</td>\n",
       "      <td>0.00</td>\n",
       "      <td>1.9</td>\n",
       "      <td>0.076</td>\n",
       "      <td>11.0</td>\n",
       "      <td>34.0</td>\n",
       "      <td>0.9978</td>\n",
       "      <td>3.51</td>\n",
       "      <td>0.56</td>\n",
       "      <td>9.4</td>\n",
       "      <td>5</td>\n",
       "      <td>1</td>\n",
       "    </tr>\n",
       "    <tr>\n",
       "      <th>1</th>\n",
       "      <td>7.8</td>\n",
       "      <td>0.88</td>\n",
       "      <td>0.00</td>\n",
       "      <td>2.6</td>\n",
       "      <td>0.098</td>\n",
       "      <td>25.0</td>\n",
       "      <td>67.0</td>\n",
       "      <td>0.9968</td>\n",
       "      <td>3.20</td>\n",
       "      <td>0.68</td>\n",
       "      <td>9.8</td>\n",
       "      <td>5</td>\n",
       "      <td>1</td>\n",
       "    </tr>\n",
       "    <tr>\n",
       "      <th>2</th>\n",
       "      <td>7.8</td>\n",
       "      <td>0.76</td>\n",
       "      <td>0.04</td>\n",
       "      <td>2.3</td>\n",
       "      <td>0.092</td>\n",
       "      <td>15.0</td>\n",
       "      <td>54.0</td>\n",
       "      <td>0.9970</td>\n",
       "      <td>3.26</td>\n",
       "      <td>0.65</td>\n",
       "      <td>9.8</td>\n",
       "      <td>5</td>\n",
       "      <td>1</td>\n",
       "    </tr>\n",
       "    <tr>\n",
       "      <th>3</th>\n",
       "      <td>11.2</td>\n",
       "      <td>0.28</td>\n",
       "      <td>0.56</td>\n",
       "      <td>1.9</td>\n",
       "      <td>0.075</td>\n",
       "      <td>17.0</td>\n",
       "      <td>60.0</td>\n",
       "      <td>0.9980</td>\n",
       "      <td>3.16</td>\n",
       "      <td>0.58</td>\n",
       "      <td>9.8</td>\n",
       "      <td>6</td>\n",
       "      <td>1</td>\n",
       "    </tr>\n",
       "    <tr>\n",
       "      <th>4</th>\n",
       "      <td>7.4</td>\n",
       "      <td>0.70</td>\n",
       "      <td>0.00</td>\n",
       "      <td>1.9</td>\n",
       "      <td>0.076</td>\n",
       "      <td>11.0</td>\n",
       "      <td>34.0</td>\n",
       "      <td>0.9978</td>\n",
       "      <td>3.51</td>\n",
       "      <td>0.56</td>\n",
       "      <td>9.4</td>\n",
       "      <td>5</td>\n",
       "      <td>1</td>\n",
       "    </tr>\n",
       "  </tbody>\n",
       "</table>\n",
       "</div>"
      ],
      "text/plain": [
       "   fixed acidity  volatile acidity  citric acid  residual sugar  chlorides  \\\n",
       "0            7.4              0.70         0.00             1.9      0.076   \n",
       "1            7.8              0.88         0.00             2.6      0.098   \n",
       "2            7.8              0.76         0.04             2.3      0.092   \n",
       "3           11.2              0.28         0.56             1.9      0.075   \n",
       "4            7.4              0.70         0.00             1.9      0.076   \n",
       "\n",
       "   free sulfur dioxide  total sulfur dioxide  density    pH  sulphates  \\\n",
       "0                 11.0                  34.0   0.9978  3.51       0.56   \n",
       "1                 25.0                  67.0   0.9968  3.20       0.68   \n",
       "2                 15.0                  54.0   0.9970  3.26       0.65   \n",
       "3                 17.0                  60.0   0.9980  3.16       0.58   \n",
       "4                 11.0                  34.0   0.9978  3.51       0.56   \n",
       "\n",
       "   alcohol  quality  red_wine  \n",
       "0      9.4        5         1  \n",
       "1      9.8        5         1  \n",
       "2      9.8        5         1  \n",
       "3      9.8        6         1  \n",
       "4      9.4        5         1  "
      ]
     },
     "execution_count": 2,
     "metadata": {},
     "output_type": "execute_result"
    }
   ],
   "source": [
    "# Read CSV\n",
    "wine_csv = '../../DATA/winequality_merged.csv'\n",
    "wine = pd.read_csv(wine_csv)\n",
    "wine.head()"
   ]
  },
  {
   "cell_type": "markdown",
   "metadata": {
    "id": "scteyINnXF5s"
   },
   "source": [
    "#### 1.2 Explore Data (Exploratory Data Analysis)"
   ]
  },
  {
   "cell_type": "code",
   "execution_count": 3,
   "metadata": {
    "id": "u-Q3RTtuXF5t"
   },
   "outputs": [
    {
     "data": {
      "text/html": [
       "<div>\n",
       "<style scoped>\n",
       "    .dataframe tbody tr th:only-of-type {\n",
       "        vertical-align: middle;\n",
       "    }\n",
       "\n",
       "    .dataframe tbody tr th {\n",
       "        vertical-align: top;\n",
       "    }\n",
       "\n",
       "    .dataframe thead th {\n",
       "        text-align: right;\n",
       "    }\n",
       "</style>\n",
       "<table border=\"1\" class=\"dataframe\">\n",
       "  <thead>\n",
       "    <tr style=\"text-align: right;\">\n",
       "      <th></th>\n",
       "      <th>fixed acidity</th>\n",
       "      <th>volatile acidity</th>\n",
       "      <th>citric acid</th>\n",
       "      <th>residual sugar</th>\n",
       "      <th>chlorides</th>\n",
       "      <th>free sulfur dioxide</th>\n",
       "      <th>total sulfur dioxide</th>\n",
       "      <th>density</th>\n",
       "      <th>pH</th>\n",
       "      <th>sulphates</th>\n",
       "      <th>alcohol</th>\n",
       "      <th>quality</th>\n",
       "      <th>red_wine</th>\n",
       "    </tr>\n",
       "  </thead>\n",
       "  <tbody>\n",
       "    <tr>\n",
       "      <th>fixed acidity</th>\n",
       "      <td>1.000000</td>\n",
       "      <td>0.219008</td>\n",
       "      <td>0.324436</td>\n",
       "      <td>-0.111981</td>\n",
       "      <td>0.298195</td>\n",
       "      <td>-0.282735</td>\n",
       "      <td>-0.329054</td>\n",
       "      <td>0.458910</td>\n",
       "      <td>-0.252700</td>\n",
       "      <td>0.299568</td>\n",
       "      <td>-0.095452</td>\n",
       "      <td>-0.076743</td>\n",
       "      <td>0.486740</td>\n",
       "    </tr>\n",
       "    <tr>\n",
       "      <th>volatile acidity</th>\n",
       "      <td>0.219008</td>\n",
       "      <td>1.000000</td>\n",
       "      <td>-0.377981</td>\n",
       "      <td>-0.196011</td>\n",
       "      <td>0.377124</td>\n",
       "      <td>-0.352557</td>\n",
       "      <td>-0.414476</td>\n",
       "      <td>0.271296</td>\n",
       "      <td>0.261454</td>\n",
       "      <td>0.225984</td>\n",
       "      <td>-0.037640</td>\n",
       "      <td>-0.265699</td>\n",
       "      <td>0.653036</td>\n",
       "    </tr>\n",
       "    <tr>\n",
       "      <th>citric acid</th>\n",
       "      <td>0.324436</td>\n",
       "      <td>-0.377981</td>\n",
       "      <td>1.000000</td>\n",
       "      <td>0.142451</td>\n",
       "      <td>0.038998</td>\n",
       "      <td>0.133126</td>\n",
       "      <td>0.195242</td>\n",
       "      <td>0.096154</td>\n",
       "      <td>-0.329808</td>\n",
       "      <td>0.056197</td>\n",
       "      <td>-0.010493</td>\n",
       "      <td>0.085532</td>\n",
       "      <td>-0.187397</td>\n",
       "    </tr>\n",
       "    <tr>\n",
       "      <th>residual sugar</th>\n",
       "      <td>-0.111981</td>\n",
       "      <td>-0.196011</td>\n",
       "      <td>0.142451</td>\n",
       "      <td>1.000000</td>\n",
       "      <td>-0.128940</td>\n",
       "      <td>0.402871</td>\n",
       "      <td>0.495482</td>\n",
       "      <td>0.552517</td>\n",
       "      <td>-0.267320</td>\n",
       "      <td>-0.185927</td>\n",
       "      <td>-0.359415</td>\n",
       "      <td>-0.036980</td>\n",
       "      <td>-0.348821</td>\n",
       "    </tr>\n",
       "    <tr>\n",
       "      <th>chlorides</th>\n",
       "      <td>0.298195</td>\n",
       "      <td>0.377124</td>\n",
       "      <td>0.038998</td>\n",
       "      <td>-0.128940</td>\n",
       "      <td>1.000000</td>\n",
       "      <td>-0.195045</td>\n",
       "      <td>-0.279630</td>\n",
       "      <td>0.362615</td>\n",
       "      <td>0.044708</td>\n",
       "      <td>0.395593</td>\n",
       "      <td>-0.256916</td>\n",
       "      <td>-0.200666</td>\n",
       "      <td>0.512678</td>\n",
       "    </tr>\n",
       "    <tr>\n",
       "      <th>free sulfur dioxide</th>\n",
       "      <td>-0.282735</td>\n",
       "      <td>-0.352557</td>\n",
       "      <td>0.133126</td>\n",
       "      <td>0.402871</td>\n",
       "      <td>-0.195045</td>\n",
       "      <td>1.000000</td>\n",
       "      <td>0.720934</td>\n",
       "      <td>0.025717</td>\n",
       "      <td>-0.145854</td>\n",
       "      <td>-0.188457</td>\n",
       "      <td>-0.179838</td>\n",
       "      <td>0.055463</td>\n",
       "      <td>-0.471644</td>\n",
       "    </tr>\n",
       "    <tr>\n",
       "      <th>total sulfur dioxide</th>\n",
       "      <td>-0.329054</td>\n",
       "      <td>-0.414476</td>\n",
       "      <td>0.195242</td>\n",
       "      <td>0.495482</td>\n",
       "      <td>-0.279630</td>\n",
       "      <td>0.720934</td>\n",
       "      <td>1.000000</td>\n",
       "      <td>0.032395</td>\n",
       "      <td>-0.238413</td>\n",
       "      <td>-0.275727</td>\n",
       "      <td>-0.265740</td>\n",
       "      <td>-0.041385</td>\n",
       "      <td>-0.700357</td>\n",
       "    </tr>\n",
       "    <tr>\n",
       "      <th>density</th>\n",
       "      <td>0.458910</td>\n",
       "      <td>0.271296</td>\n",
       "      <td>0.096154</td>\n",
       "      <td>0.552517</td>\n",
       "      <td>0.362615</td>\n",
       "      <td>0.025717</td>\n",
       "      <td>0.032395</td>\n",
       "      <td>1.000000</td>\n",
       "      <td>0.011686</td>\n",
       "      <td>0.259478</td>\n",
       "      <td>-0.686745</td>\n",
       "      <td>-0.305858</td>\n",
       "      <td>0.390645</td>\n",
       "    </tr>\n",
       "    <tr>\n",
       "      <th>pH</th>\n",
       "      <td>-0.252700</td>\n",
       "      <td>0.261454</td>\n",
       "      <td>-0.329808</td>\n",
       "      <td>-0.267320</td>\n",
       "      <td>0.044708</td>\n",
       "      <td>-0.145854</td>\n",
       "      <td>-0.238413</td>\n",
       "      <td>0.011686</td>\n",
       "      <td>1.000000</td>\n",
       "      <td>0.192123</td>\n",
       "      <td>0.121248</td>\n",
       "      <td>0.019506</td>\n",
       "      <td>0.329129</td>\n",
       "    </tr>\n",
       "    <tr>\n",
       "      <th>sulphates</th>\n",
       "      <td>0.299568</td>\n",
       "      <td>0.225984</td>\n",
       "      <td>0.056197</td>\n",
       "      <td>-0.185927</td>\n",
       "      <td>0.395593</td>\n",
       "      <td>-0.188457</td>\n",
       "      <td>-0.275727</td>\n",
       "      <td>0.259478</td>\n",
       "      <td>0.192123</td>\n",
       "      <td>1.000000</td>\n",
       "      <td>-0.003029</td>\n",
       "      <td>0.038485</td>\n",
       "      <td>0.487218</td>\n",
       "    </tr>\n",
       "    <tr>\n",
       "      <th>alcohol</th>\n",
       "      <td>-0.095452</td>\n",
       "      <td>-0.037640</td>\n",
       "      <td>-0.010493</td>\n",
       "      <td>-0.359415</td>\n",
       "      <td>-0.256916</td>\n",
       "      <td>-0.179838</td>\n",
       "      <td>-0.265740</td>\n",
       "      <td>-0.686745</td>\n",
       "      <td>0.121248</td>\n",
       "      <td>-0.003029</td>\n",
       "      <td>1.000000</td>\n",
       "      <td>0.444319</td>\n",
       "      <td>-0.032970</td>\n",
       "    </tr>\n",
       "    <tr>\n",
       "      <th>quality</th>\n",
       "      <td>-0.076743</td>\n",
       "      <td>-0.265699</td>\n",
       "      <td>0.085532</td>\n",
       "      <td>-0.036980</td>\n",
       "      <td>-0.200666</td>\n",
       "      <td>0.055463</td>\n",
       "      <td>-0.041385</td>\n",
       "      <td>-0.305858</td>\n",
       "      <td>0.019506</td>\n",
       "      <td>0.038485</td>\n",
       "      <td>0.444319</td>\n",
       "      <td>1.000000</td>\n",
       "      <td>-0.119323</td>\n",
       "    </tr>\n",
       "    <tr>\n",
       "      <th>red_wine</th>\n",
       "      <td>0.486740</td>\n",
       "      <td>0.653036</td>\n",
       "      <td>-0.187397</td>\n",
       "      <td>-0.348821</td>\n",
       "      <td>0.512678</td>\n",
       "      <td>-0.471644</td>\n",
       "      <td>-0.700357</td>\n",
       "      <td>0.390645</td>\n",
       "      <td>0.329129</td>\n",
       "      <td>0.487218</td>\n",
       "      <td>-0.032970</td>\n",
       "      <td>-0.119323</td>\n",
       "      <td>1.000000</td>\n",
       "    </tr>\n",
       "  </tbody>\n",
       "</table>\n",
       "</div>"
      ],
      "text/plain": [
       "                      fixed acidity  volatile acidity  citric acid  \\\n",
       "fixed acidity              1.000000          0.219008     0.324436   \n",
       "volatile acidity           0.219008          1.000000    -0.377981   \n",
       "citric acid                0.324436         -0.377981     1.000000   \n",
       "residual sugar            -0.111981         -0.196011     0.142451   \n",
       "chlorides                  0.298195          0.377124     0.038998   \n",
       "free sulfur dioxide       -0.282735         -0.352557     0.133126   \n",
       "total sulfur dioxide      -0.329054         -0.414476     0.195242   \n",
       "density                    0.458910          0.271296     0.096154   \n",
       "pH                        -0.252700          0.261454    -0.329808   \n",
       "sulphates                  0.299568          0.225984     0.056197   \n",
       "alcohol                   -0.095452         -0.037640    -0.010493   \n",
       "quality                   -0.076743         -0.265699     0.085532   \n",
       "red_wine                   0.486740          0.653036    -0.187397   \n",
       "\n",
       "                      residual sugar  chlorides  free sulfur dioxide  \\\n",
       "fixed acidity              -0.111981   0.298195            -0.282735   \n",
       "volatile acidity           -0.196011   0.377124            -0.352557   \n",
       "citric acid                 0.142451   0.038998             0.133126   \n",
       "residual sugar              1.000000  -0.128940             0.402871   \n",
       "chlorides                  -0.128940   1.000000            -0.195045   \n",
       "free sulfur dioxide         0.402871  -0.195045             1.000000   \n",
       "total sulfur dioxide        0.495482  -0.279630             0.720934   \n",
       "density                     0.552517   0.362615             0.025717   \n",
       "pH                         -0.267320   0.044708            -0.145854   \n",
       "sulphates                  -0.185927   0.395593            -0.188457   \n",
       "alcohol                    -0.359415  -0.256916            -0.179838   \n",
       "quality                    -0.036980  -0.200666             0.055463   \n",
       "red_wine                   -0.348821   0.512678            -0.471644   \n",
       "\n",
       "                      total sulfur dioxide   density        pH  sulphates  \\\n",
       "fixed acidity                    -0.329054  0.458910 -0.252700   0.299568   \n",
       "volatile acidity                 -0.414476  0.271296  0.261454   0.225984   \n",
       "citric acid                       0.195242  0.096154 -0.329808   0.056197   \n",
       "residual sugar                    0.495482  0.552517 -0.267320  -0.185927   \n",
       "chlorides                        -0.279630  0.362615  0.044708   0.395593   \n",
       "free sulfur dioxide               0.720934  0.025717 -0.145854  -0.188457   \n",
       "total sulfur dioxide              1.000000  0.032395 -0.238413  -0.275727   \n",
       "density                           0.032395  1.000000  0.011686   0.259478   \n",
       "pH                               -0.238413  0.011686  1.000000   0.192123   \n",
       "sulphates                        -0.275727  0.259478  0.192123   1.000000   \n",
       "alcohol                          -0.265740 -0.686745  0.121248  -0.003029   \n",
       "quality                          -0.041385 -0.305858  0.019506   0.038485   \n",
       "red_wine                         -0.700357  0.390645  0.329129   0.487218   \n",
       "\n",
       "                       alcohol   quality  red_wine  \n",
       "fixed acidity        -0.095452 -0.076743  0.486740  \n",
       "volatile acidity     -0.037640 -0.265699  0.653036  \n",
       "citric acid          -0.010493  0.085532 -0.187397  \n",
       "residual sugar       -0.359415 -0.036980 -0.348821  \n",
       "chlorides            -0.256916 -0.200666  0.512678  \n",
       "free sulfur dioxide  -0.179838  0.055463 -0.471644  \n",
       "total sulfur dioxide -0.265740 -0.041385 -0.700357  \n",
       "density              -0.686745 -0.305858  0.390645  \n",
       "pH                    0.121248  0.019506  0.329129  \n",
       "sulphates            -0.003029  0.038485  0.487218  \n",
       "alcohol               1.000000  0.444319 -0.032970  \n",
       "quality               0.444319  1.000000 -0.119323  \n",
       "red_wine             -0.032970 -0.119323  1.000000  "
      ]
     },
     "execution_count": 3,
     "metadata": {},
     "output_type": "execute_result"
    }
   ],
   "source": [
    "# ANSWER\n",
    "wine.corr()"
   ]
  },
  {
   "cell_type": "code",
   "execution_count": 8,
   "metadata": {
    "tags": []
   },
   "outputs": [
    {
     "data": {
      "text/html": [
       "<div>\n",
       "<style scoped>\n",
       "    .dataframe tbody tr th:only-of-type {\n",
       "        vertical-align: middle;\n",
       "    }\n",
       "\n",
       "    .dataframe tbody tr th {\n",
       "        vertical-align: top;\n",
       "    }\n",
       "\n",
       "    .dataframe thead th {\n",
       "        text-align: right;\n",
       "    }\n",
       "</style>\n",
       "<table border=\"1\" class=\"dataframe\">\n",
       "  <thead>\n",
       "    <tr style=\"text-align: right;\">\n",
       "      <th></th>\n",
       "      <th>fixed acidity</th>\n",
       "      <th>volatile acidity</th>\n",
       "      <th>citric acid</th>\n",
       "      <th>residual sugar</th>\n",
       "      <th>chlorides</th>\n",
       "      <th>free sulfur dioxide</th>\n",
       "      <th>total sulfur dioxide</th>\n",
       "      <th>density</th>\n",
       "      <th>pH</th>\n",
       "      <th>sulphates</th>\n",
       "      <th>alcohol</th>\n",
       "      <th>quality</th>\n",
       "      <th>red_wine</th>\n",
       "    </tr>\n",
       "  </thead>\n",
       "  <tbody>\n",
       "    <tr>\n",
       "      <th>fixed acidity</th>\n",
       "      <td>1.000000</td>\n",
       "      <td>0.219008</td>\n",
       "      <td>0.324436</td>\n",
       "      <td>-0.111981</td>\n",
       "      <td>0.298195</td>\n",
       "      <td>-0.282735</td>\n",
       "      <td>-0.329054</td>\n",
       "      <td>0.458910</td>\n",
       "      <td>-0.252700</td>\n",
       "      <td>0.299568</td>\n",
       "      <td>-0.095452</td>\n",
       "      <td>-0.076743</td>\n",
       "      <td>0.486740</td>\n",
       "    </tr>\n",
       "    <tr>\n",
       "      <th>volatile acidity</th>\n",
       "      <td>0.219008</td>\n",
       "      <td>1.000000</td>\n",
       "      <td>-0.377981</td>\n",
       "      <td>-0.196011</td>\n",
       "      <td>0.377124</td>\n",
       "      <td>-0.352557</td>\n",
       "      <td>-0.414476</td>\n",
       "      <td>0.271296</td>\n",
       "      <td>0.261454</td>\n",
       "      <td>0.225984</td>\n",
       "      <td>-0.037640</td>\n",
       "      <td>-0.265699</td>\n",
       "      <td>0.653036</td>\n",
       "    </tr>\n",
       "    <tr>\n",
       "      <th>citric acid</th>\n",
       "      <td>0.324436</td>\n",
       "      <td>-0.377981</td>\n",
       "      <td>1.000000</td>\n",
       "      <td>0.142451</td>\n",
       "      <td>0.038998</td>\n",
       "      <td>0.133126</td>\n",
       "      <td>0.195242</td>\n",
       "      <td>0.096154</td>\n",
       "      <td>-0.329808</td>\n",
       "      <td>0.056197</td>\n",
       "      <td>-0.010493</td>\n",
       "      <td>0.085532</td>\n",
       "      <td>-0.187397</td>\n",
       "    </tr>\n",
       "    <tr>\n",
       "      <th>residual sugar</th>\n",
       "      <td>-0.111981</td>\n",
       "      <td>-0.196011</td>\n",
       "      <td>0.142451</td>\n",
       "      <td>1.000000</td>\n",
       "      <td>-0.128940</td>\n",
       "      <td>0.402871</td>\n",
       "      <td>0.495482</td>\n",
       "      <td>0.552517</td>\n",
       "      <td>-0.267320</td>\n",
       "      <td>-0.185927</td>\n",
       "      <td>-0.359415</td>\n",
       "      <td>-0.036980</td>\n",
       "      <td>-0.348821</td>\n",
       "    </tr>\n",
       "    <tr>\n",
       "      <th>chlorides</th>\n",
       "      <td>0.298195</td>\n",
       "      <td>0.377124</td>\n",
       "      <td>0.038998</td>\n",
       "      <td>-0.128940</td>\n",
       "      <td>1.000000</td>\n",
       "      <td>-0.195045</td>\n",
       "      <td>-0.279630</td>\n",
       "      <td>0.362615</td>\n",
       "      <td>0.044708</td>\n",
       "      <td>0.395593</td>\n",
       "      <td>-0.256916</td>\n",
       "      <td>-0.200666</td>\n",
       "      <td>0.512678</td>\n",
       "    </tr>\n",
       "    <tr>\n",
       "      <th>free sulfur dioxide</th>\n",
       "      <td>-0.282735</td>\n",
       "      <td>-0.352557</td>\n",
       "      <td>0.133126</td>\n",
       "      <td>0.402871</td>\n",
       "      <td>-0.195045</td>\n",
       "      <td>1.000000</td>\n",
       "      <td>0.720934</td>\n",
       "      <td>0.025717</td>\n",
       "      <td>-0.145854</td>\n",
       "      <td>-0.188457</td>\n",
       "      <td>-0.179838</td>\n",
       "      <td>0.055463</td>\n",
       "      <td>-0.471644</td>\n",
       "    </tr>\n",
       "    <tr>\n",
       "      <th>total sulfur dioxide</th>\n",
       "      <td>-0.329054</td>\n",
       "      <td>-0.414476</td>\n",
       "      <td>0.195242</td>\n",
       "      <td>0.495482</td>\n",
       "      <td>-0.279630</td>\n",
       "      <td>0.720934</td>\n",
       "      <td>1.000000</td>\n",
       "      <td>0.032395</td>\n",
       "      <td>-0.238413</td>\n",
       "      <td>-0.275727</td>\n",
       "      <td>-0.265740</td>\n",
       "      <td>-0.041385</td>\n",
       "      <td>-0.700357</td>\n",
       "    </tr>\n",
       "    <tr>\n",
       "      <th>density</th>\n",
       "      <td>0.458910</td>\n",
       "      <td>0.271296</td>\n",
       "      <td>0.096154</td>\n",
       "      <td>0.552517</td>\n",
       "      <td>0.362615</td>\n",
       "      <td>0.025717</td>\n",
       "      <td>0.032395</td>\n",
       "      <td>1.000000</td>\n",
       "      <td>0.011686</td>\n",
       "      <td>0.259478</td>\n",
       "      <td>-0.686745</td>\n",
       "      <td>-0.305858</td>\n",
       "      <td>0.390645</td>\n",
       "    </tr>\n",
       "    <tr>\n",
       "      <th>pH</th>\n",
       "      <td>-0.252700</td>\n",
       "      <td>0.261454</td>\n",
       "      <td>-0.329808</td>\n",
       "      <td>-0.267320</td>\n",
       "      <td>0.044708</td>\n",
       "      <td>-0.145854</td>\n",
       "      <td>-0.238413</td>\n",
       "      <td>0.011686</td>\n",
       "      <td>1.000000</td>\n",
       "      <td>0.192123</td>\n",
       "      <td>0.121248</td>\n",
       "      <td>0.019506</td>\n",
       "      <td>0.329129</td>\n",
       "    </tr>\n",
       "    <tr>\n",
       "      <th>sulphates</th>\n",
       "      <td>0.299568</td>\n",
       "      <td>0.225984</td>\n",
       "      <td>0.056197</td>\n",
       "      <td>-0.185927</td>\n",
       "      <td>0.395593</td>\n",
       "      <td>-0.188457</td>\n",
       "      <td>-0.275727</td>\n",
       "      <td>0.259478</td>\n",
       "      <td>0.192123</td>\n",
       "      <td>1.000000</td>\n",
       "      <td>-0.003029</td>\n",
       "      <td>0.038485</td>\n",
       "      <td>0.487218</td>\n",
       "    </tr>\n",
       "    <tr>\n",
       "      <th>alcohol</th>\n",
       "      <td>-0.095452</td>\n",
       "      <td>-0.037640</td>\n",
       "      <td>-0.010493</td>\n",
       "      <td>-0.359415</td>\n",
       "      <td>-0.256916</td>\n",
       "      <td>-0.179838</td>\n",
       "      <td>-0.265740</td>\n",
       "      <td>-0.686745</td>\n",
       "      <td>0.121248</td>\n",
       "      <td>-0.003029</td>\n",
       "      <td>1.000000</td>\n",
       "      <td>0.444319</td>\n",
       "      <td>-0.032970</td>\n",
       "    </tr>\n",
       "    <tr>\n",
       "      <th>quality</th>\n",
       "      <td>-0.076743</td>\n",
       "      <td>-0.265699</td>\n",
       "      <td>0.085532</td>\n",
       "      <td>-0.036980</td>\n",
       "      <td>-0.200666</td>\n",
       "      <td>0.055463</td>\n",
       "      <td>-0.041385</td>\n",
       "      <td>-0.305858</td>\n",
       "      <td>0.019506</td>\n",
       "      <td>0.038485</td>\n",
       "      <td>0.444319</td>\n",
       "      <td>1.000000</td>\n",
       "      <td>-0.119323</td>\n",
       "    </tr>\n",
       "    <tr>\n",
       "      <th>red_wine</th>\n",
       "      <td>0.486740</td>\n",
       "      <td>0.653036</td>\n",
       "      <td>-0.187397</td>\n",
       "      <td>-0.348821</td>\n",
       "      <td>0.512678</td>\n",
       "      <td>-0.471644</td>\n",
       "      <td>-0.700357</td>\n",
       "      <td>0.390645</td>\n",
       "      <td>0.329129</td>\n",
       "      <td>0.487218</td>\n",
       "      <td>-0.032970</td>\n",
       "      <td>-0.119323</td>\n",
       "      <td>1.000000</td>\n",
       "    </tr>\n",
       "  </tbody>\n",
       "</table>\n",
       "</div>"
      ],
      "text/plain": [
       "                      fixed acidity  volatile acidity  citric acid  \\\n",
       "fixed acidity              1.000000          0.219008     0.324436   \n",
       "volatile acidity           0.219008          1.000000    -0.377981   \n",
       "citric acid                0.324436         -0.377981     1.000000   \n",
       "residual sugar            -0.111981         -0.196011     0.142451   \n",
       "chlorides                  0.298195          0.377124     0.038998   \n",
       "free sulfur dioxide       -0.282735         -0.352557     0.133126   \n",
       "total sulfur dioxide      -0.329054         -0.414476     0.195242   \n",
       "density                    0.458910          0.271296     0.096154   \n",
       "pH                        -0.252700          0.261454    -0.329808   \n",
       "sulphates                  0.299568          0.225984     0.056197   \n",
       "alcohol                   -0.095452         -0.037640    -0.010493   \n",
       "quality                   -0.076743         -0.265699     0.085532   \n",
       "red_wine                   0.486740          0.653036    -0.187397   \n",
       "\n",
       "                      residual sugar  chlorides  free sulfur dioxide  \\\n",
       "fixed acidity              -0.111981   0.298195            -0.282735   \n",
       "volatile acidity           -0.196011   0.377124            -0.352557   \n",
       "citric acid                 0.142451   0.038998             0.133126   \n",
       "residual sugar              1.000000  -0.128940             0.402871   \n",
       "chlorides                  -0.128940   1.000000            -0.195045   \n",
       "free sulfur dioxide         0.402871  -0.195045             1.000000   \n",
       "total sulfur dioxide        0.495482  -0.279630             0.720934   \n",
       "density                     0.552517   0.362615             0.025717   \n",
       "pH                         -0.267320   0.044708            -0.145854   \n",
       "sulphates                  -0.185927   0.395593            -0.188457   \n",
       "alcohol                    -0.359415  -0.256916            -0.179838   \n",
       "quality                    -0.036980  -0.200666             0.055463   \n",
       "red_wine                   -0.348821   0.512678            -0.471644   \n",
       "\n",
       "                      total sulfur dioxide   density        pH  sulphates  \\\n",
       "fixed acidity                    -0.329054  0.458910 -0.252700   0.299568   \n",
       "volatile acidity                 -0.414476  0.271296  0.261454   0.225984   \n",
       "citric acid                       0.195242  0.096154 -0.329808   0.056197   \n",
       "residual sugar                    0.495482  0.552517 -0.267320  -0.185927   \n",
       "chlorides                        -0.279630  0.362615  0.044708   0.395593   \n",
       "free sulfur dioxide               0.720934  0.025717 -0.145854  -0.188457   \n",
       "total sulfur dioxide              1.000000  0.032395 -0.238413  -0.275727   \n",
       "density                           0.032395  1.000000  0.011686   0.259478   \n",
       "pH                               -0.238413  0.011686  1.000000   0.192123   \n",
       "sulphates                        -0.275727  0.259478  0.192123   1.000000   \n",
       "alcohol                          -0.265740 -0.686745  0.121248  -0.003029   \n",
       "quality                          -0.041385 -0.305858  0.019506   0.038485   \n",
       "red_wine                         -0.700357  0.390645  0.329129   0.487218   \n",
       "\n",
       "                       alcohol   quality  red_wine  \n",
       "fixed acidity        -0.095452 -0.076743  0.486740  \n",
       "volatile acidity     -0.037640 -0.265699  0.653036  \n",
       "citric acid          -0.010493  0.085532 -0.187397  \n",
       "residual sugar       -0.359415 -0.036980 -0.348821  \n",
       "chlorides            -0.256916 -0.200666  0.512678  \n",
       "free sulfur dioxide  -0.179838  0.055463 -0.471644  \n",
       "total sulfur dioxide -0.265740 -0.041385 -0.700357  \n",
       "density              -0.686745 -0.305858  0.390645  \n",
       "pH                    0.121248  0.019506  0.329129  \n",
       "sulphates            -0.003029  0.038485  0.487218  \n",
       "alcohol               1.000000  0.444319 -0.032970  \n",
       "quality               0.444319  1.000000 -0.119323  \n",
       "red_wine             -0.032970 -0.119323  1.000000  "
      ]
     },
     "execution_count": 8,
     "metadata": {},
     "output_type": "execute_result"
    }
   ],
   "source": [
    "# using normalized data to calculate the correlation reduces the bias of the scales. \n",
    "# it didn't show much difference tho before normalization and after. \n",
    "from sklearn.preprocessing import MinMaxScaler\n",
    "scaler = MinMaxScaler()\n",
    "normalized_data = scaler.fit_transform(wine)\n",
    "normalized_df = pd.DataFrame(normalized_data, columns=wine.columns)\n",
    "normalized_df.corr()"
   ]
  },
  {
   "cell_type": "markdown",
   "metadata": {
    "id": "_xtHG5jGXF5v"
   },
   "source": [
    "### 2. Set Target Variable"
   ]
  },
  {
   "cell_type": "markdown",
   "metadata": {
    "id": "qkLJQxkSXF5y"
   },
   "source": [
    "Create a target variable for wine quality."
   ]
  },
  {
   "cell_type": "code",
   "execution_count": 6,
   "metadata": {
    "id": "oaxrah6uXF51"
   },
   "outputs": [
    {
     "data": {
      "text/plain": [
       "0       5\n",
       "1       5\n",
       "2       5\n",
       "3       6\n",
       "4       5\n",
       "       ..\n",
       "6492    6\n",
       "6493    5\n",
       "6494    6\n",
       "6495    7\n",
       "6496    6\n",
       "Name: quality, Length: 6497, dtype: int64"
      ]
     },
     "execution_count": 6,
     "metadata": {},
     "output_type": "execute_result"
    }
   ],
   "source": [
    "# Target Variable\n",
    "y = wine['quality']\n",
    "y"
   ]
  },
  {
   "cell_type": "markdown",
   "metadata": {
    "id": "_tBqj2sqXF55"
   },
   "source": [
    "### 3. Set Predictor Variables"
   ]
  },
  {
   "cell_type": "markdown",
   "metadata": {
    "id": "lY5kp1kzXF56"
   },
   "source": [
    "Create a predictor matrix with variables of your choice. State your reasoning for the choices you make."
   ]
  },
  {
   "cell_type": "code",
   "execution_count": 9,
   "metadata": {
    "id": "E0DcG8vaXF56"
   },
   "outputs": [
    {
     "data": {
      "text/html": [
       "<div>\n",
       "<style scoped>\n",
       "    .dataframe tbody tr th:only-of-type {\n",
       "        vertical-align: middle;\n",
       "    }\n",
       "\n",
       "    .dataframe tbody tr th {\n",
       "        vertical-align: top;\n",
       "    }\n",
       "\n",
       "    .dataframe thead th {\n",
       "        text-align: right;\n",
       "    }\n",
       "</style>\n",
       "<table border=\"1\" class=\"dataframe\">\n",
       "  <thead>\n",
       "    <tr style=\"text-align: right;\">\n",
       "      <th></th>\n",
       "      <th>volatile acidity</th>\n",
       "      <th>chlorides</th>\n",
       "      <th>density</th>\n",
       "      <th>alcohol</th>\n",
       "    </tr>\n",
       "  </thead>\n",
       "  <tbody>\n",
       "    <tr>\n",
       "      <th>0</th>\n",
       "      <td>0.70</td>\n",
       "      <td>0.076</td>\n",
       "      <td>0.99780</td>\n",
       "      <td>9.4</td>\n",
       "    </tr>\n",
       "    <tr>\n",
       "      <th>1</th>\n",
       "      <td>0.88</td>\n",
       "      <td>0.098</td>\n",
       "      <td>0.99680</td>\n",
       "      <td>9.8</td>\n",
       "    </tr>\n",
       "    <tr>\n",
       "      <th>2</th>\n",
       "      <td>0.76</td>\n",
       "      <td>0.092</td>\n",
       "      <td>0.99700</td>\n",
       "      <td>9.8</td>\n",
       "    </tr>\n",
       "    <tr>\n",
       "      <th>3</th>\n",
       "      <td>0.28</td>\n",
       "      <td>0.075</td>\n",
       "      <td>0.99800</td>\n",
       "      <td>9.8</td>\n",
       "    </tr>\n",
       "    <tr>\n",
       "      <th>4</th>\n",
       "      <td>0.70</td>\n",
       "      <td>0.076</td>\n",
       "      <td>0.99780</td>\n",
       "      <td>9.4</td>\n",
       "    </tr>\n",
       "    <tr>\n",
       "      <th>...</th>\n",
       "      <td>...</td>\n",
       "      <td>...</td>\n",
       "      <td>...</td>\n",
       "      <td>...</td>\n",
       "    </tr>\n",
       "    <tr>\n",
       "      <th>6492</th>\n",
       "      <td>0.21</td>\n",
       "      <td>0.039</td>\n",
       "      <td>0.99114</td>\n",
       "      <td>11.2</td>\n",
       "    </tr>\n",
       "    <tr>\n",
       "      <th>6493</th>\n",
       "      <td>0.32</td>\n",
       "      <td>0.047</td>\n",
       "      <td>0.99490</td>\n",
       "      <td>9.6</td>\n",
       "    </tr>\n",
       "    <tr>\n",
       "      <th>6494</th>\n",
       "      <td>0.24</td>\n",
       "      <td>0.041</td>\n",
       "      <td>0.99254</td>\n",
       "      <td>9.4</td>\n",
       "    </tr>\n",
       "    <tr>\n",
       "      <th>6495</th>\n",
       "      <td>0.29</td>\n",
       "      <td>0.022</td>\n",
       "      <td>0.98869</td>\n",
       "      <td>12.8</td>\n",
       "    </tr>\n",
       "    <tr>\n",
       "      <th>6496</th>\n",
       "      <td>0.21</td>\n",
       "      <td>0.020</td>\n",
       "      <td>0.98941</td>\n",
       "      <td>11.8</td>\n",
       "    </tr>\n",
       "  </tbody>\n",
       "</table>\n",
       "<p>6497 rows × 4 columns</p>\n",
       "</div>"
      ],
      "text/plain": [
       "      volatile acidity  chlorides  density  alcohol\n",
       "0                 0.70      0.076  0.99780      9.4\n",
       "1                 0.88      0.098  0.99680      9.8\n",
       "2                 0.76      0.092  0.99700      9.8\n",
       "3                 0.28      0.075  0.99800      9.8\n",
       "4                 0.70      0.076  0.99780      9.4\n",
       "...                ...        ...      ...      ...\n",
       "6492              0.21      0.039  0.99114     11.2\n",
       "6493              0.32      0.047  0.99490      9.6\n",
       "6494              0.24      0.041  0.99254      9.4\n",
       "6495              0.29      0.022  0.98869     12.8\n",
       "6496              0.21      0.020  0.98941     11.8\n",
       "\n",
       "[6497 rows x 4 columns]"
      ]
     },
     "execution_count": 9,
     "metadata": {},
     "output_type": "execute_result"
    }
   ],
   "source": [
    "# ANSWER\n",
    "# choose the variables that has absolute correlation more than 10% to quality\n",
    "# red wine column is a binary, it could be another target variable instead of predictor. \n",
    "X = wine[['volatile acidity', 'chlorides', 'density', 'alcohol']]\n",
    "X"
   ]
  },
  {
   "cell_type": "markdown",
   "metadata": {
    "id": "sUssbQORXF59"
   },
   "source": [
    "### 4. Using Linear Regression Create a Model and Test Score"
   ]
  },
  {
   "cell_type": "code",
   "execution_count": 10,
   "metadata": {
    "id": "YVrOXac4XF59"
   },
   "outputs": [],
   "source": [
    "from sklearn.linear_model import LinearRegression\n",
    "from sklearn.model_selection import train_test_split"
   ]
  },
  {
   "cell_type": "code",
   "execution_count": 11,
   "metadata": {
    "id": "PHMTdm2BXF6A"
   },
   "outputs": [],
   "source": [
    "# Train-Test Split\n",
    "\n",
